7466269050115457
406402082122295
1173071513860498
444170994937522
1188884695606542
438078868609901
382727971323133
393116256912239
1112859486533005
1660606748049541
400417806177267
